No.2:    6d7a_A  6d7aB  6d7aA  6d7aB Z=  49.2  tm1=  0.98757 tm2=  0.99128 best= 0.991280
No.3:    6d7a_A  5ouoA  6d7aA  5ouoA Z=  48.5  tm1=  0.98424 tm2=  0.99543 best= 0.995430
No.4:    6d7a_A  7plnA  6d7aA  7plnA Z=  29.7  tm1=  0.81301 tm2=  0.88859 best= 0.888590
No.5:    6d7a_A  7plnB  6d7aA  7plnB Z=  29.5  tm1=  0.80626 tm2=  0.88462 best= 0.884620
No.6:    6d7a_A  4ne9A  6d7aA  4ne9A Z=   7.0  tm1=  0.47478 tm2=  0.29346 best= 0.474780
No.7:    6d7a_A  3sqoA  6d7aA  3sqoA Z=   7.0  tm1=  0.48225 tm2=  0.29783 best= 0.482250
No.8:    6d7a_A  4ne9B  6d7aA  4ne9B Z=   6.9  tm1=  0.48167 tm2=  0.29707 best= 0.481670
No.9:    6d7a_A  2p4eA  6d7aA  2p4eA Z=   6.9  tm1=  0.48270 tm2=  0.29689 best= 0.482700
No.10:   6d7a_A  3h42B  6d7aA  3h42B Z=   6.9  tm1=  0.47761 tm2=  0.29497 best= 0.477610
No.11:   6d7a_A  2pmwB  6d7aA  2pmwB Z=   6.8  tm1=  0.47687 tm2=  0.29507 best= 0.476870
No.12:   6d7a_A  3p5bA  6d7aA  3p5bA Z=   6.8  tm1=  0.48914 tm2=  0.30116 best= 0.489140
No.13:   6d7a_A  6u3xB  6d7aA  6u3xB Z=   6.8  tm1=  0.47648 tm2=  0.29608 best= 0.476480
No.14:   6d7a_A  7anqA  6d7aA  7anqA Z=   6.8  tm1=  0.48380 tm2=  0.55197 best= 0.551970
No.15:   6d7a_A  8wfrB  6d7aA  8wfrB Z=   6.7  tm1=  0.47252 tm2=  0.29165 best= 0.472520
No.16:   6d7a_A  6u2nB  6d7aA  6u2nB Z=   6.7  tm1=  0.47060 tm2=  0.29657 best= 0.470600
No.17:   6d7a_A  6u26B  6d7aA  6u26B Z=   6.7  tm1=  0.46832 tm2=  0.28905 best= 0.468320
No.18:   6d7a_A  8fvqB  6d7aA  8fvqB Z=   6.6  tm1=  0.46341 tm2=  0.28937 best= 0.463410
No.19:   6d7a_A  8fpoB  6d7aA  8fpoB Z=   6.6  tm1=  0.45692 tm2=  0.28866 best= 0.456920
No.20:   6d7a_A  4k8rB  6d7aA  4k8rB Z=   6.5  tm1=  0.47590 tm2=  0.29321 best= 0.475900
No.21:   6d7a_A  8fvlB  6d7aA  8fvlB Z=   6.5  tm1=  0.46113 tm2=  0.28569 best= 0.461130
No.22:   6d7a_A  6u2pB  6d7aA  6u2pB Z=   6.5  tm1=  0.46687 tm2=  0.29286 best= 0.466870
No.23:   6d7a_A  5ocaB  6d7aA  5ocaB Z=   6.4  tm1=  0.48104 tm2=  0.29515 best= 0.481040
No.24:   6d7a_A  8fvpB  6d7aA  8fvpB Z=   6.4  tm1=  0.45709 tm2=  0.28813 best= 0.457090
No.25:   6d7a_A  6u38B  6d7aA  6u38B Z=   6.4  tm1=  0.47412 tm2=  0.29156 best= 0.474120
No.26:   6d7a_A  3p5cA  6d7aA  3p5cA Z=   6.3  tm1=  0.48551 tm2=  0.29815 best= 0.485510
No.27:   6d7a_A  2qtwB  6d7aA  2qtwB Z=   6.3  tm1=  0.47324 tm2=  0.29338 best= 0.473240
No.28:   6d7a_A  8fvoB  6d7aA  8fvoB Z=   6.2  tm1=  0.46016 tm2=  0.28508 best= 0.460160
No.29:   6d7a_A  6u2fA  6d7aA  6u2fA Z=   6.1  tm1=  0.46911 tm2=  0.24385 best= 0.469110
No.30:   6d7a_A  6u3iA  6d7aA  6u3iA Z=   6.1  tm1=  0.47457 tm2=  0.24873 best= 0.474570
No.31:   6d7a_A  6u36B  6d7aA  6u36B Z=   6.1  tm1=  0.47146 tm2=  0.29576 best= 0.471460
No.32:   6d7a_A  5vlpA  6d7aA  5vlpA Z=   6.0  tm1=  0.46377 tm2=  0.24793 best= 0.463770
No.33:   6d7a_A  5vl7B  6d7aA  5vl7B Z=   6.0  tm1=  0.43766 tm2=  0.29544 best= 0.437660
No.34:   6d7a_A  7kfaB  6d7aA  7kfaB Z=   5.9  tm1=  0.44902 tm2=  0.28291 best= 0.449020
No.35:   6d7a_A  8fpqB  6d7aA  8fpqB Z=   5.7  tm1=  0.42507 tm2=  0.27000 best= 0.425070
No.36:   6d7a_A  8fvnB  6d7aA  8fvnB Z=   5.6  tm1=  0.44016 tm2=  0.27429 best= 0.440160
No.37:   6d7a_A  7kevB  6d7aA  7kevB Z=   5.2  tm1=  0.43513 tm2=  0.27545 best= 0.435130
No.38:   6d7a_A  3m0cB  6d7aA  3m0cB Z=   4.8  tm1=  0.47548 tm2=  0.29420 best= 0.475480
No.39:   6d7a_A  3bpsA  6d7aA  3bpsA Z=   3.6  tm1=  0.34115 tm2=  0.23083 best= 0.341150
No.40:   6d7a_A  3gcxA  6d7aA  3gcxA Z=   3.4  tm1=  0.34987 tm2=  0.23615 best= 0.349870
