No.2:    6h2u_B  6h2vB  6h2uB  6h2vB Z=  22.0  tm1=  0.92871 tm2=  0.97823 best= 0.978230
No.3:    6h2u_B  6h2vD  6h2uB  6h2vD Z=  21.1  tm1=  0.91832 tm2=  0.93404 best= 0.934040
No.4:    6h2u_B  6h1eB  6h2uB  6h1eB Z=  19.5  tm1=  0.88753 tm2=  0.90228 best= 0.902280
No.5:    6h2u_B  6h1dB  6h2uB  6h1dB Z=  19.5  tm1=  0.88781 tm2=  0.90258 best= 0.902580
No.6:    6h2u_B  8qdiB  6h2uB  8qdiB Z=  19.4  tm1=  0.89596 tm2=  0.88865 best= 0.895960
No.7:    6h2u_B  8cncB  6h2uB  8cncB Z=  19.4  tm1=  0.89545 tm2=  0.88816 best= 0.895450
No.8:    6h2u_B  8qdgB  6h2uB  8qdgB Z=  19.3  tm1=  0.89331 tm2=  0.88605 best= 0.893310
No.9:    6h2u_B  6khsB  6h2uB  6khsB Z=  19.0  tm1=  0.89273 tm2=  0.85086 best= 0.892730
No.10:   6h2u_B  6k0xB  6h2uB  6k0xB Z=  19.0  tm1=  0.89282 tm2=  0.85096 best= 0.892820
No.11:   6h2u_B  6kmrA  6h2uB  6kmrA Z=  18.8  tm1=  0.89157 tm2=  0.83683 best= 0.891570
No.12:   6h2u_B  6pedB  6h2uB  6pedB Z=  18.6  tm1=  0.88836 tm2=  0.83395 best= 0.888360
No.13:   6h2u_B  6kmsA  6h2uB  6kmsA Z=  18.1  tm1=  0.86940 tm2=  0.84263 best= 0.869400
No.14:   6h2u_B  6kmsB  6h2uB  6kmsB Z=  17.5  tm1=  0.86523 tm2=  0.81362 best= 0.865230
No.15:   6h2u_B  7wtvr  6h2uB  7wtvr Z=  15.6  tm1=  0.84190 tm2=  0.83540 best= 0.841900
No.16:   6h2u_B  6g4wr  6h2uB  6g4wr Z=  15.4  tm1=  0.79746 tm2=  0.79155 best= 0.797460
No.17:   6h2u_B  7wtsr  6h2uB  7wtsr Z=  15.0  tm1=  0.82318 tm2=  0.81696 best= 0.823180
No.18:   6h2u_B  5cm2M  6h2uB  5cm2M Z=  15.0  tm1=  0.79968 tm2=  0.76008 best= 0.799680
No.19:   6h2u_B  7wtwr  6h2uB  7wtwr Z=  14.5  tm1=  0.82120 tm2=  0.81504 best= 0.821200
No.20:   6h2u_B  7wttr  6h2uB  7wttr Z=  14.4  tm1=  0.81421 tm2=  0.80812 best= 0.814210
No.21:   6h2u_B  7wtur  6h2uB  7wtur Z=  14.3  tm1=  0.81723 tm2=  0.81115 best= 0.817230
No.22:   6h2u_B  4qttA  6h2uB  4qttA Z=  13.7  tm1=  0.81230 tm2=  0.72938 best= 0.812300
No.23:   6h2u_B  4qtuC  6h2uB  4qtuC Z=  13.5  tm1=  0.81291 tm2=  0.71530 best= 0.812910
No.24:   6h2u_B  4qttC  6h2uB  4qttC Z=  13.5  tm1=  0.81362 tm2=  0.71583 best= 0.813620
No.25:   6h2u_B  4qtuA  6h2uB  4qtuA Z=  13.5  tm1=  0.81211 tm2=  0.71947 best= 0.812110
No.26:   6h2u_B  2j6aA  6h2uB  2j6aA Z=  13.1  tm1=  0.79311 tm2=  0.69431 best= 0.793110
No.27:   6h2u_B  3q87A  6h2uB  3q87A Z=  10.3  tm1=  0.67205 tm2=  0.64897 best= 0.672050
No.28:   6h2u_B  6f5zC  6h2uB  6f5zC Z=   5.4  tm1=  0.39773 tm2=  0.73165 best= 0.731650
No.29:   6h2u_B  6zxwH  6h2uB  6zxwH Z=   5.4  tm1=  0.39543 tm2=  0.73922 best= 0.739220
No.30:   6h2u_B  6f5zD  6h2uB  6f5zD Z=   4.9  tm1=  0.37550 tm2=  0.73871 best= 0.738710
