No.2:    6h2v_B  6h2vD  6h2vB  6h2vD Z=  22.1  tm1=  0.98101 tm2=  0.93880 best= 0.981010
No.3:    6h2v_B  6h2uB  6h2vB  6h2uB Z=  22.0  tm1=  0.98700 tm2=  0.92094 best= 0.987000
No.4:    6h2v_B  6h1eB  6h2vB  6h1eB Z=  20.4  tm1=  0.94675 tm2=  0.90694 best= 0.946750
No.5:    6h2v_B  6h1dB  6h2vB  6h1dB Z=  20.4  tm1=  0.94680 tm2=  0.90697 best= 0.946800
No.6:    6h2v_B  8qdiB  6h2vB  8qdiB Z=  20.2  tm1=  0.95327 tm2=  0.89033 best= 0.953270
No.7:    6h2v_B  8qdgB  6h2vB  8qdgB Z=  20.1  tm1=  0.95130 tm2=  0.88859 best= 0.951300
No.8:    6h2v_B  8cncB  6h2vB  8cncB Z=  20.1  tm1=  0.95212 tm2=  0.88934 best= 0.952120
No.9:    6h2v_B  6khsB  6h2vB  6khsB Z=  19.8  tm1=  0.95232 tm2=  0.85419 best= 0.952320
No.10:   6h2v_B  6k0xB  6h2vB  6k0xB Z=  19.8  tm1=  0.95237 tm2=  0.85425 best= 0.952370
No.11:   6h2v_B  6kmrA  6h2vB  6kmrA Z=  19.5  tm1=  0.95111 tm2=  0.83998 best= 0.951110
No.12:   6h2v_B  6pedB  6h2vB  6pedB Z=  19.4  tm1=  0.94874 tm2=  0.83809 best= 0.948740
No.13:   6h2v_B  6kmsA  6h2vB  6kmsA Z=  18.4  tm1=  0.92430 tm2=  0.84477 best= 0.924300
No.14:   6h2v_B  6kmsB  6h2vB  6kmsB Z=  17.8  tm1=  0.92175 tm2=  0.81703 best= 0.921750
No.15:   6h2v_B  7wtvr  6h2vB  7wtvr Z=  16.1  tm1=  0.88306 tm2=  0.82845 best= 0.883060
No.16:   6h2v_B  6g4wr  6h2vB  6g4wr Z=  15.8  tm1=  0.85582 tm2=  0.80458 best= 0.855820
No.17:   6h2v_B  7wtsr  6h2vB  7wtsr Z=  15.5  tm1=  0.86574 tm2=  0.81323 best= 0.865740
No.18:   6h2v_B  5cm2M  6h2vB  5cm2M Z=  15.3  tm1=  0.85266 tm2=  0.76678 best= 0.852660
No.19:   6h2v_B  7wttr  6h2vB  7wttr Z=  14.9  tm1=  0.85851 tm2=  0.80685 best= 0.858510
No.20:   6h2v_B  7wtur  6h2vB  7wtur Z=  14.8  tm1=  0.85721 tm2=  0.80582 best= 0.857210
No.21:   6h2v_B  7wtwr  6h2vB  7wtwr Z=  14.8  tm1=  0.85983 tm2=  0.80824 best= 0.859830
No.22:   6h2v_B  4qttA  6h2vB  4qttA Z=  13.7  tm1=  0.84559 tm2=  0.71823 best= 0.845590
No.23:   6h2v_B  4qtuA  6h2vB  4qtuA Z=  13.5  tm1=  0.84482 tm2=  0.70809 best= 0.844820
No.24:   6h2v_B  4qtuC  6h2vB  4qtuC Z=  13.5  tm1=  0.84574 tm2=  0.70403 best= 0.845740
No.25:   6h2v_B  4qttC  6h2vB  4qttC Z=  13.5  tm1=  0.84688 tm2=  0.70475 best= 0.846880
No.26:   6h2v_B  2j6aA  6h2vB  2j6aA Z=  13.2  tm1=  0.83338 tm2=  0.68924 best= 0.833380
No.27:   6h2v_B  3q87A  6h2vB  3q87A Z=  10.4  tm1=  0.70483 tm2=  0.64673 best= 0.704830
No.28:   6h2v_B  6zxwH  6h2vB  6zxwH Z=   8.4  tm1=  0.42107 tm2=  0.75095 best= 0.750950
No.29:   6h2v_B  6f5zC  6h2vB  6f5zC Z=   8.4  tm1=  0.42345 tm2=  0.74152 best= 0.741520
No.30:   6h2v_B  6f5zD  6h2vB  6f5zD Z=   7.8  tm1=  0.39941 tm2=  0.74860 best= 0.748600
