No.2:    6h2v_D  6h2vB  6h2vD  6h2vB Z=  22.1  tm1=  0.94695 tm2=  0.97227 best= 0.972270
No.3:    6h2v_D  6h2uB  6h2vD  6h2uB Z=  21.1  tm1=  0.94211 tm2=  0.91065 best= 0.942110
No.4:    6h2v_D  6h1eB  6h2vD  6h1eB Z=  19.8  tm1=  0.91021 tm2=  0.90258 best= 0.910210
No.5:    6h2v_D  6h1dB  6h2vD  6h1dB Z=  19.8  tm1=  0.91020 tm2=  0.90256 best= 0.910200
No.6:    6h2v_D  6khsB  6h2vD  6khsB Z=  19.7  tm1=  0.94200 tm2=  0.87569 best= 0.942000
No.7:    6h2v_D  6k0xB  6h2vD  6k0xB Z=  19.7  tm1=  0.93974 tm2=  0.87373 best= 0.939740
No.8:    6h2v_D  8qdiB  6h2vD  8qdiB Z=  19.6  tm1=  0.91658 tm2=  0.88633 best= 0.916580
No.9:    6h2v_D  8cncB  6h2vD  8cncB Z=  19.6  tm1=  0.91581 tm2=  0.88562 best= 0.915810
No.10:   6h2v_D  8qdgB  6h2vD  8qdgB Z=  19.5  tm1=  0.91403 tm2=  0.88393 best= 0.914030
No.11:   6h2v_D  6kmrA  6h2vD  6kmrA Z=  19.4  tm1=  0.93777 tm2=  0.85868 best= 0.937770
No.12:   6h2v_D  6pedB  6h2vD  6pedB Z=  19.3  tm1=  0.92974 tm2=  0.85126 best= 0.929740
No.13:   6h2v_D  6kmsA  6h2vD  6kmsA Z=  18.8  tm1=  0.90801 tm2=  0.85803 best= 0.908010
No.14:   6h2v_D  6kmsB  6h2vD  6kmsB Z=  18.7  tm1=  0.92107 tm2=  0.84469 best= 0.921070
No.15:   6h2v_D  7wtvr  6h2vD  7wtvr Z=  15.9  tm1=  0.86047 tm2=  0.83354 best= 0.860470
No.16:   6h2v_D  6g4wr  6h2vD  6g4wr Z=  15.5  tm1=  0.82668 tm2=  0.80184 best= 0.826680
No.17:   6h2v_D  7wtsr  6h2vD  7wtsr Z=  15.4  tm1=  0.84666 tm2=  0.82059 best= 0.846660
No.18:   6h2v_D  5cm2M  6h2vD  5cm2M Z=  15.0  tm1=  0.82289 tm2=  0.76371 best= 0.822890
No.19:   6h2v_D  7wttr  6h2vD  7wttr Z=  14.9  tm1=  0.83876 tm2=  0.81320 best= 0.838760
No.20:   6h2v_D  7wtwr  6h2vD  7wtwr Z=  14.8  tm1=  0.83928 tm2=  0.81374 best= 0.839280
No.21:   6h2v_D  7wtur  6h2vD  7wtur Z=  14.7  tm1=  0.83734 tm2=  0.81190 best= 0.837340
No.22:   6h2v_D  4qtuC  6h2vD  4qtuC Z=  14.2  tm1=  0.85228 tm2=  0.73203 best= 0.852280
No.23:   6h2v_D  4qttC  6h2vD  4qttC Z=  14.2  tm1=  0.85318 tm2=  0.73272 best= 0.853180
No.24:   6h2v_D  4qtuA  6h2vD  4qtuA Z=  14.1  tm1=  0.84593 tm2=  0.73125 best= 0.845930
No.25:   6h2v_D  4qttA  6h2vD  4qttA Z=  14.0  tm1=  0.84346 tm2=  0.73807 best= 0.843460
No.26:   6h2v_D  2j6aA  6h2vD  2j6aA Z=  13.1  tm1=  0.80949 tm2=  0.69076 best= 0.809490
No.27:   6h2v_D  3q87A  6h2vD  3q87A Z=  10.4  tm1=  0.69143 tm2=  0.65345 best= 0.691430
No.28:   6h2v_D  6zxwH  6h2vD  6zxwH Z=   5.9  tm1=  0.42215 tm2=  0.77842 best= 0.778420
No.29:   6h2v_D  6f5zC  6h2vD  6f5zC Z=   5.5  tm1=  0.42108 tm2=  0.75349 best= 0.753490
No.30:   6h2v_D  6f5zD  6h2vD  6f5zD Z=   5.2  tm1=  0.39672 tm2=  0.76047 best= 0.760470
