No.2:    6w1s_I  8t9dI  6w1sI  8t9dI Z=  37.1  tm1=  0.86698 tm2=  0.84856 best= 0.866980
No.3:    6w1s_I  8t1iI  6w1sI  8t1iI Z=  33.7  tm1=  0.87240 tm2=  0.86531 best= 0.872400
No.4:    6w1s_I  7emfN  6w1sI  7emfN Z=  30.0  tm1=  0.75296 tm2=  0.79624 best= 0.796240
No.5:    6w1s_I  8trhN  6w1sI  8trhN Z=  29.7  tm1=  0.72763 tm2=  0.76838 best= 0.768380
No.6:    6w1s_I  7enjN  6w1sI  7enjN Z=  27.3  tm1=  0.75295 tm2=  0.79623 best= 0.796230
No.7:    6w1s_I  8t1lI  6w1sI  8t1lI Z=  26.7  tm1=  0.87135 tm2=  0.84523 best= 0.871350
No.8:    6w1s_I  8tqwN  6w1sI  8tqwN Z=  25.9  tm1=  0.67381 tm2=  0.70961 best= 0.709610
No.9:    6w1s_I  5u0pN  6w1sI  5u0pN Z=  15.6  tm1=  0.28993 tm2=  0.54685 best= 0.546850
No.10:   6w1s_I  5n9jA  6w1sI  5n9jA Z=  14.0  tm1=  0.25224 tm2=  0.44713 best= 0.447130
No.11:   6w1s_I  6xp5N  6w1sI  6xp5N Z=  11.1  tm1=  0.23630 tm2=  0.42229 best= 0.422290
No.12:   6w1s_I  5u0sN  6w1sI  5u0sN Z=  10.9  tm1=  0.26644 tm2=  0.50729 best= 0.507290
No.13:   6w1s_I  8q8oA  6w1sI  8q8oA Z=   4.9  tm1=  0.07855 tm2=  0.45718 best= 0.457180
No.14:   6w1s_I  1zuoA  6w1sI  1zuoA Z=   4.9  tm1=  0.08329 tm2=  0.45211 best= 0.452110
No.15:   6w1s_I  7jmnN  6w1sI  7jmnN Z=   4.8  tm1=  0.09925 tm2=  0.37379 best= 0.373790
No.16:   6w1s_I  1yb3A  6w1sI  1yb3A Z=   4.1  tm1=  0.07580 tm2=  0.40446 best= 0.404460
No.17:   6w1s_I  1tteA  6w1sI  1tteA Z=   3.9  tm1=  0.08187 tm2=  0.32129 best= 0.321290
No.18:   6w1s_I  3o2uB  6w1sI  3o2uB Z=   3.6  tm1=  0.09219 tm2=  0.39998 best= 0.399980
No.19:   6w1s_I  7to3A  6w1sI  7to3A Z=   3.5  tm1=  0.07850 tm2=  0.13718 best= 0.137180
No.20:   6w1s_I  3osmA  6w1sI  3osmA Z=   3.2  tm1=  0.06601 tm2=  0.42245 best= 0.422450
No.21:   6w1s_I  7p2pC  6w1sI  7p2pC Z=   3.2  tm1=  0.06938 tm2=  0.33007 best= 0.330070
No.22:   6w1s_I  6hluA  6w1sI  6hluA Z=   3.2  tm1=  0.09905 tm2=  0.11324 best= 0.113240
No.23:   6w1s_I  7qh3B  6w1sI  7qh3B Z=   2.9  tm1=  0.08073 tm2=  0.38254 best= 0.382540
No.24:   6w1s_I  8q72A  6w1sI  8q72A Z=   2.9  tm1=  0.06827 tm2=  0.09217 best= 0.092170
No.25:   6w1s_I  7bvjA  6w1sI  7bvjA Z=   2.9  tm1=  0.06990 tm2=  0.14235 best= 0.142350
No.26:   6w1s_I  5jovA  6w1sI  5jovA Z=   2.6  tm1=  0.09245 tm2=  0.10097 best= 0.100970
No.27:   6w1s_I  5hh9A  6w1sI  5hh9A Z=   2.4  tm1=  0.07266 tm2=  0.17414 best= 0.174140
No.28:   6w1s_I  5y88U  6w1sI  5y88U Z=   2.4  tm1=  0.08514 tm2=  0.16129 best= 0.161290
No.29:   6w1s_I  7kbjI  6w1sI  7kbjI Z=   2.4  tm1=  0.05276 tm2=  0.27495 best= 0.274950
No.30:   6w1s_I  4ouhA  6w1sI  4ouhA Z=   2.3  tm1=  0.07179 tm2=  0.36261 best= 0.362610
