No.2:    7ci1_B  7ci1A  7ci1B  7ci1A Z=  47.6  tm1=  0.99896 tm2=  0.99559 best= 0.998960
No.3:    7ci1_B  7ci2B  7ci1B  7ci2B Z=  42.8  tm1=  0.97732 tm2=  0.92205 best= 0.977320
No.4:    7ci1_B  7ci2A  7ci1B  7ci2A Z=  42.8  tm1=  0.97731 tm2=  0.92202 best= 0.977310
No.5:    7ci1_B  7zgeA  7ci1B  7zgeA Z=   2.3  tm1=  0.22521 tm2=  0.30606 best= 0.306060
No.6:    7ci1_B  1gvnB  7ci1B  1gvnB Z=   2.1  tm1=  0.29202 tm2=  0.31097 best= 0.310970
No.7:    7ci1_B  7ymdC  7ci1B  7ymdC Z=   2.1  tm1=  0.26891 tm2=  0.27629 best= 0.276290
