No.2:    7ogp_B  7ogrB  7ogpB  7ogrB Z=  31.5  tm1=  0.96195 tm2=  0.99100 best= 0.991000
No.3:    7ogp_B  8queB  7ogpB  8queB Z=  29.6  tm1=  0.95208 tm2=  0.88815 best= 0.952080
No.4:    7ogp_B  7s01A  7ogpB  7s01A Z=  10.3  tm1=  0.57405 tm2=  0.28179 best= 0.574050
No.5:    7ogp_B  7um0A  7ogpB  7um0A Z=   9.9  tm1=  0.55407 tm2=  0.27513 best= 0.554070
No.6:    7ogp_B  7um1A  7ogpB  7um1A Z=   9.0  tm1=  0.57321 tm2=  0.65209 best= 0.652090
No.7:    7ogp_B  1k30A  7ogpB  1k30A Z=   4.1  tm1=  0.23240 tm2=  0.14178 best= 0.232400
No.8:    7ogp_B  8ia1A  7ogpB  8ia1A Z=   3.9  tm1=  0.23917 tm2=  0.14549 best= 0.239170
No.9:    7ogp_B  1iuqA  7ogpB  1iuqA Z=   3.9  tm1=  0.22543 tm2=  0.13984 best= 0.225430
No.10:   7ogp_B  8ia1B  7ogpB  8ia1B Z=   3.9  tm1=  0.23749 tm2=  0.14488 best= 0.237490
No.11:   7ogp_B  6ogzA  7ogpB  6ogzA Z=   3.2  tm1=  0.32626 tm2=  0.08137 best= 0.326260
No.12:   7ogp_B  8imi0  7ogpB  8imi0 Z=   3.1  tm1=  0.20585 tm2=  0.05102 best= 0.205850
No.13:   7ogp_B  5b4sB  7ogpB  5b4sB Z=   3.0  tm1=  0.22572 tm2=  0.15592 best= 0.225720
No.14:   7ogp_B  6qctA  7ogpB  6qctA Z=   2.6  tm1=  0.19232 tm2=  0.06082 best= 0.192320
No.15:   7ogp_B  7pp4f  7ogpB  7pp4f Z=   2.6  tm1=  0.22702 tm2=  0.29983 best= 0.299830
No.16:   7ogp_B  8vjlB  7ogpB  8vjlB Z=   2.6  tm1=  0.23258 tm2=  0.36251 best= 0.362510
No.17:   7ogp_B  5vp3A  7ogpB  5vp3A Z=   2.5  tm1=  0.18758 tm2=  0.19385 best= 0.193850
No.18:   7ogp_B  1ynsA  7ogpB  1ynsA Z=   2.5  tm1=  0.31056 tm2=  0.26176 best= 0.310560
No.19:   7ogp_B  4uisB  7ogpB  4uisB Z=   2.3  tm1=  0.23491 tm2=  0.20572 best= 0.234910
No.20:   7ogp_B  7xqkB  7ogpB  7xqkB Z=   2.3  tm1=  0.20388 tm2=  0.15569 best= 0.203880
No.21:   7ogp_B  8ia1C  7ogpB  8ia1C Z=   2.1  tm1=  0.16063 tm2=  0.09739 best= 0.160630
