No.2:    7squ_D  7squA  7squD  7squA Z=  55.6  tm1=  1.00000 tm2=  1.00000 best= 1.000000
No.3:    7squ_D  7squG  7squD  7squG Z=  55.6  tm1=  1.00000 tm2=  1.00000 best= 1.000000
No.4:    7squ_D  7squJ  7squD  7squJ Z=  55.3  tm1=  1.00000 tm2=  1.00000 best= 1.000000
No.5:    7squ_D  7sqvA  7squD  7sqvA Z=  54.5  tm1=  0.96470 tm2=  0.99974 best= 0.999740
No.6:    7squ_D  7sqsA  7squD  7sqsA Z=  35.7  tm1=  0.82889 tm2=  0.88128 best= 0.881280
No.7:    7squ_D  8iggE  7squD  8iggE Z=  35.0  tm1=  0.82708 tm2=  0.86640 best= 0.866400
No.8:    7squ_D  8iggB  7squD  8iggB Z=  35.0  tm1=  0.82708 tm2=  0.86640 best= 0.866400
No.9:    7squ_D  7sqrJ  7squD  7sqrJ Z=  34.9  tm1=  0.83825 tm2=  0.86842 best= 0.868420
No.10:   7squ_D  7sqrG  7squD  7sqrG Z=  34.9  tm1=  0.83825 tm2=  0.86842 best= 0.868420
No.11:   7squ_D  7sqrD  7squD  7sqrD Z=  34.9  tm1=  0.83825 tm2=  0.86842 best= 0.868420
No.12:   7squ_D  7sqrA  7squD  7sqrA Z=  34.9  tm1=  0.83825 tm2=  0.86842 best= 0.868420
No.13:   7squ_D  8fneC  7squD  8fneC Z=  34.0  tm1=  0.81747 tm2=  0.84217 best= 0.842170
No.14:   7squ_D  8fneB  7squD  8fneB Z=  34.0  tm1=  0.81732 tm2=  0.84202 best= 0.842020
No.15:   7squ_D  8iggC  7squD  8iggC Z=  33.8  tm1=  0.80333 tm2=  0.84952 best= 0.849520
No.16:   7squ_D  8iggA  7squD  8iggA Z=  33.8  tm1=  0.80333 tm2=  0.84952 best= 0.849520
No.17:   7squ_D  8fneA  7squD  8fneA Z=  33.3  tm1=  0.82130 tm2=  0.84616 best= 0.846160
No.18:   7squ_D  8fneD  7squD  8fneD Z=  32.7  tm1=  0.82210 tm2=  0.84696 best= 0.846960
No.19:   7squ_D  5w8eA  7squD  5w8eA Z=   4.6  tm1=  0.22877 tm2=  0.50098 best= 0.500980
No.20:   7squ_D  8zt4A  7squD  8zt4A Z=   3.6  tm1=  0.21917 tm2=  0.40286 best= 0.402860
