No.2:    7xg3_A  7xg2A  7xg3A  7xg2A Z=  36.0  tm1=  0.98554 tm2=  0.98554 best= 0.985540
No.3:    7xg3_A  7xg0A  7xg3A  7xg0A Z=  35.9  tm1=  0.98577 tm2=  0.98577 best= 0.985770
No.4:    7xg3_A  7xg4A  7xg3A  7xg4A Z=  35.7  tm1=  0.98570 tm2=  0.98570 best= 0.985700
No.5:    7xg3_A  8rc3G  7xg3A  8rc3G Z=  33.7  tm1=  0.96726 tm2=  0.97119 best= 0.971190
No.6:    7xg3_A  8rfjG  7xg3A  8rfjG Z=  33.3  tm1=  0.96194 tm2=  0.96583 best= 0.965830
No.7:    7xg3_A  7xfzA  7xg3A  7xfzA Z=  32.7  tm1=  0.96653 tm2=  0.96653 best= 0.966530
No.8:    7xg3_A  7xg1A  7xg3A  7xg1A Z=  32.2  tm1=  0.96452 tm2=  0.96452 best= 0.964520
No.9:    7xg3_A  8s37G  7xg3A  8s37G Z=   9.0  tm1=  0.58269 tm2=  0.54360 best= 0.582690
No.10:   7xg3_A  8s35G  7xg3A  8s35G Z=   9.0  tm1=  0.58312 tm2=  0.54329 best= 0.583120
No.11:   7xg3_A  8s36G  7xg3A  8s36G Z=   8.6  tm1=  0.58315 tm2=  0.54366 best= 0.583150
No.12:   7xg3_A  8rc2G  7xg3A  8rc2G Z=   8.4  tm1=  0.58065 tm2=  0.54169 best= 0.580650
No.13:   7xg3_A  4w8yA  7xg3A  4w8yA Z=   3.6  tm1=  0.38714 tm2=  0.13981 best= 0.387140
No.14:   7xg3_A  5chsB  7xg3A  5chsB Z=   2.2  tm1=  0.27534 tm2=  0.22456 best= 0.275340
No.15:   7xg3_A  8a0hA  7xg3A  8a0hA Z=   2.0  tm1=  0.26337 tm2=  0.20710 best= 0.263370
