No.2:    7xg4_A  7xg2A  7xg4A  7xg2A Z=  38.6  tm1=  0.99652 tm2=  0.99652 best= 0.996520
No.3:    7xg4_A  7xg0A  7xg4A  7xg0A Z=  37.5  tm1=  0.99368 tm2=  0.99368 best= 0.993680
No.4:    7xg4_A  7xg3A  7xg4A  7xg3A Z=  35.7  tm1=  0.98570 tm2=  0.98570 best= 0.985700
No.5:    7xg4_A  8rc3G  7xg4A  8rc3G Z=  34.8  tm1=  0.97651 tm2=  0.98051 best= 0.980510
No.6:    7xg4_A  8rfjG  7xg4A  8rfjG Z=  34.1  tm1=  0.97059 tm2=  0.97454 best= 0.974540
No.7:    7xg4_A  7xfzA  7xg4A  7xfzA Z=  33.3  tm1=  0.97296 tm2=  0.97296 best= 0.972960
No.8:    7xg4_A  7xg1A  7xg4A  7xg1A Z=  32.8  tm1=  0.97045 tm2=  0.97045 best= 0.970450
No.9:    7xg4_A  8s35G  7xg4A  8s35G Z=   8.9  tm1=  0.58276 tm2=  0.54365 best= 0.582760
No.10:   7xg4_A  8s37G  7xg4A  8s37G Z=   8.7  tm1=  0.57936 tm2=  0.54018 best= 0.579360
No.11:   7xg4_A  8s36G  7xg4A  8s36G Z=   8.5  tm1=  0.58257 tm2=  0.54376 best= 0.582570
No.12:   7xg4_A  8rc2G  7xg4A  8rc2G Z=   8.4  tm1=  0.57432 tm2=  0.53568 best= 0.574320
No.13:   7xg4_A  4w8yA  7xg4A  4w8yA Z=   3.3  tm1=  0.38673 tm2=  0.13876 best= 0.386730
No.14:   7xg4_A  5ywrB  7xg4A  5ywrB Z=   3.2  tm1=  0.17297 tm2=  0.40518 best= 0.405180
No.15:   7xg4_A  5chsB  7xg4A  5chsB Z=   2.3  tm1=  0.27991 tm2=  0.22813 best= 0.279910
