No.2:    8aj2_A  6qbrA  8aj2A  6qbrA Z=  38.6  tm1=  0.99271 tm2=  0.96589 best= 0.992710
No.3:    8aj2_A  6qbnB  8aj2A  6qbnB Z=  38.4  tm1=  0.98579 tm2=  0.98126 best= 0.985790
No.4:    8aj2_A  6qbqA  8aj2A  6qbqA Z=  38.2  tm1=  0.99213 tm2=  0.95247 best= 0.992130
No.5:    8aj2_A  6qbpB  8aj2A  6qbpB Z=  38.2  tm1=  0.98559 tm2=  0.97657 best= 0.985590
No.6:    8aj2_A  6qbmB  8aj2A  6qbmB Z=  38.1  tm1=  0.98532 tm2=  0.97185 best= 0.985320
No.7:    8aj2_A  6qboA  8aj2A  6qboA Z=  38.1  tm1=  0.99029 tm2=  0.96795 best= 0.990290
No.8:    8aj2_A  6qbqB  8aj2A  6qbqB Z=  37.8  tm1=  0.98050 tm2=  0.94129 best= 0.980500
No.9:    8aj2_A  6qbpA  8aj2A  6qbpA Z=  37.8  tm1=  0.97433 tm2=  0.96984 best= 0.974330
No.10:   8aj2_A  5j1bA  8aj2A  5j1bA Z=  37.8  tm1=  0.98756 tm2=  0.96530 best= 0.987560
No.11:   8aj2_A  8aj2B  8aj2A  8aj2B Z=  37.8  tm1=  0.98135 tm2=  0.95064 best= 0.981350
No.12:   8aj2_A  6qbrB  8aj2A  6qbrB Z=  37.7  tm1=  0.98067 tm2=  0.93316 best= 0.980670
No.13:   8aj2_A  6qbmA  8aj2A  6qbmA Z=  37.7  tm1=  0.97295 tm2=  0.96405 best= 0.972950
No.14:   8aj2_A  6qbnA  8aj2A  6qbnA Z=  37.4  tm1=  0.96514 tm2=  0.96070 best= 0.965140
No.15:   8aj2_A  6qboB  8aj2A  6qboB Z=  37.4  tm1=  0.96927 tm2=  0.95167 best= 0.969270
No.16:   8aj2_A  5j1bB  8aj2A  5j1bB Z=  36.9  tm1=  0.96806 tm2=  0.95050 best= 0.968060
No.17:   8aj2_A  2icgA  8aj2A  2icgA Z=  12.7  tm1=  0.55723 tm2=  0.72235 best= 0.722350
No.18:   8aj2_A  2prvB  8aj2A  2prvB Z=  12.6  tm1=  0.55364 tm2=  0.74721 best= 0.747210
No.19:   8aj2_A  2prvA  8aj2A  2prvA Z=  12.5  tm1=  0.55200 tm2=  0.74102 best= 0.741020
No.20:   8aj2_A  3d5pA  8aj2A  3d5pA Z=  11.2  tm1=  0.48696 tm2=  0.74281 best= 0.742810
No.21:   8aj2_A  3d5pB  8aj2A  3d5pB Z=  11.1  tm1=  0.48226 tm2=  0.73405 best= 0.734050
No.22:   8aj2_A  2pagA  8aj2A  2pagA Z=  10.1  tm1=  0.48298 tm2=  0.73477 best= 0.734770
No.23:   8aj2_A  8fzzD  8aj2A  8fzzD Z=   8.4  tm1=  0.49004 tm2=  0.52928 best= 0.529280
No.24:   8aj2_A  8g0kD  8aj2A  8g0kD Z=   8.4  tm1=  0.46362 tm2=  0.50686 best= 0.506860
No.25:   8aj2_A  3ffvB  8aj2A  3ffvB Z=   8.4  tm1=  0.49415 tm2=  0.56968 best= 0.569680
No.26:   8aj2_A  8g0kB  8aj2A  8g0kB Z=   8.3  tm1=  0.45761 tm2=  0.49962 best= 0.499620
No.27:   8aj2_A  3ffvA  8aj2A  3ffvA Z=   7.8  tm1=  0.49031 tm2=  0.56384 best= 0.563840
No.28:   8aj2_A  8fzzB  8aj2A  8fzzB Z=   7.2  tm1=  0.47702 tm2=  0.51448 best= 0.514480
No.29:   8aj2_A  6itwA  8aj2A  6itwA Z=   6.6  tm1=  0.44634 tm2=  0.43680 best= 0.446340
No.30:   8aj2_A  4iqnA  8aj2A  4iqnA Z=   6.5  tm1=  0.48062 tm2=  0.46858 best= 0.480620
No.31:   8aj2_A  4iqnB  8aj2A  4iqnB Z=   6.1  tm1=  0.48052 tm2=  0.47357 best= 0.480520
No.32:   8aj2_A  4iqnC  8aj2A  4iqnC Z=   6.0  tm1=  0.47884 tm2=  0.47025 best= 0.478840
No.33:   8aj2_A  6tx3A  8aj2A  6tx3A Z=   5.6  tm1=  0.43071 tm2=  0.32302 best= 0.430710
No.34:   8aj2_A  6tx2A  8aj2A  6tx2A Z=   5.5  tm1=  0.43409 tm2=  0.32656 best= 0.434090
No.35:   8aj2_A  8bd1B  8aj2A  8bd1B Z=   5.1  tm1=  0.38109 tm2=  0.56925 best= 0.569250
No.36:   8aj2_A  6m3iA  8aj2A  6m3iA Z=   4.4  tm1=  0.42621 tm2=  0.31015 best= 0.426210
