No.2:    8aj2_B  6qbqB  8aj2B  6qbqB Z=  38.6  tm1=  0.97612 tm2=  0.96749 best= 0.976120
No.3:    8aj2_B  6qbrB  8aj2B  6qbrB Z=  38.5  tm1=  0.97675 tm2=  0.95966 best= 0.976750
No.4:    8aj2_B  6qbpA  8aj2B  6qbpA Z=  38.1  tm1=  0.95825 tm2=  0.98464 best= 0.984640
No.5:    8aj2_B  6qboB  8aj2B  6qboB Z=  37.9  tm1=  0.96110 tm2=  0.97413 best= 0.974130
No.6:    8aj2_B  6qbmA  8aj2B  6qbmA Z=  37.9  tm1=  0.95897 tm2=  0.98084 best= 0.980840
No.7:    8aj2_B  6qbnA  8aj2B  6qbnA Z=  37.8  tm1=  0.95335 tm2=  0.97960 best= 0.979600
No.8:    8aj2_B  8aj2A  8aj2B  8aj2A Z=  37.8  tm1=  0.95064 tm2=  0.98135 best= 0.981350
No.9:    8aj2_B  5j1bB  8aj2B  5j1bB Z=  37.6  tm1=  0.96067 tm2=  0.97368 best= 0.973680
No.10:   8aj2_B  6qbqA  8aj2B  6qbqA Z=  37.6  tm1=  0.96108 tm2=  0.95259 best= 0.961080
No.11:   8aj2_B  6qboA  8aj2B  6qboA Z=  37.5  tm1=  0.95980 tm2=  0.96840 best= 0.968400
No.12:   8aj2_B  6qbrA  8aj2B  6qbrA Z=  37.4  tm1=  0.95826 tm2=  0.96254 best= 0.962540
No.13:   8aj2_B  6qbpB  8aj2B  6qbpB Z=  37.3  tm1=  0.94886 tm2=  0.97045 best= 0.970450
No.14:   8aj2_B  6qbmB  8aj2B  6qbmB Z=  37.2  tm1=  0.94993 tm2=  0.96715 best= 0.967150
No.15:   8aj2_B  6qbnB  8aj2B  6qbnB Z=  37.2  tm1=  0.94740 tm2=  0.97342 best= 0.973420
No.16:   8aj2_B  5j1bA  8aj2B  5j1bA Z=  37.0  tm1=  0.95371 tm2=  0.96226 best= 0.962260
No.17:   8aj2_B  2icgA  8aj2B  2icgA Z=  12.5  tm1=  0.54210 tm2=  0.72258 best= 0.722580
No.18:   8aj2_B  2prvB  8aj2B  2prvB Z=  12.3  tm1=  0.53331 tm2=  0.73902 best= 0.739020
No.19:   8aj2_B  2prvA  8aj2B  2prvA Z=  12.2  tm1=  0.53096 tm2=  0.73159 best= 0.731590
No.20:   8aj2_B  3d5pA  8aj2B  3d5pA Z=  11.0  tm1=  0.47183 tm2=  0.73963 best= 0.739630
No.21:   8aj2_B  3d5pB  8aj2B  3d5pB Z=  10.9  tm1=  0.46769 tm2=  0.73219 best= 0.732190
No.22:   8aj2_B  2pagA  8aj2B  2pagA Z=  10.1  tm1=  0.46315 tm2=  0.72187 best= 0.721870
No.23:   8aj2_B  3ffvB  8aj2B  3ffvB Z=   8.4  tm1=  0.48109 tm2=  0.57054 best= 0.570540
No.24:   8aj2_B  8fzzD  8aj2B  8fzzD Z=   8.2  tm1=  0.47424 tm2=  0.52622 best= 0.526220
No.25:   8aj2_B  8g0kB  8aj2B  8g0kB Z=   8.1  tm1=  0.45245 tm2=  0.50767 best= 0.507670
No.26:   8aj2_B  8g0kD  8aj2B  8g0kD Z=   8.0  tm1=  0.44326 tm2=  0.49647 best= 0.496470
No.27:   8aj2_B  3ffvA  8aj2B  3ffvA Z=   7.9  tm1=  0.47934 tm2=  0.56769 best= 0.567690
No.28:   8aj2_B  8fzzB  8aj2B  8fzzB Z=   7.0  tm1=  0.46959 tm2=  0.52059 best= 0.520590
No.29:   8aj2_B  4iqnA  8aj2B  4iqnA Z=   6.3  tm1=  0.46764 tm2=  0.46764 best= 0.467640
No.30:   8aj2_B  4iqnB  8aj2B  4iqnB Z=   6.0  tm1=  0.46560 tm2=  0.47070 best= 0.470700
No.31:   8aj2_B  4iqnC  8aj2B  4iqnC Z=   6.0  tm1=  0.46617 tm2=  0.46953 best= 0.469530
No.32:   8aj2_B  6itwA  8aj2B  6itwA Z=   6.0  tm1=  0.41280 tm2=  0.41424 best= 0.414240
No.33:   8aj2_B  6tx2A  8aj2B  6tx2A Z=   5.3  tm1=  0.41968 tm2=  0.32496 best= 0.419680
No.34:   8aj2_B  6tx3A  8aj2B  6tx3A Z=   5.3  tm1=  0.41401 tm2=  0.31931 best= 0.414010
No.35:   8aj2_B  8bd1B  8aj2B  8bd1B Z=   5.2  tm1=  0.37218 tm2=  0.57573 best= 0.575730
No.36:   8aj2_B  6m3iA  8aj2B  6m3iA Z=   4.4  tm1=  0.42452 tm2=  0.31885 best= 0.424520
