No.2:    8fd3_I  8fcjI  8fd3I  8fcjI Z=  59.0  tm1=  0.99995 tm2=  0.99995 best= 0.999950
No.3:    8fd3_I  8fd2I  8fd3I  8fd2I Z=  59.0  tm1=  0.99995 tm2=  0.99995 best= 0.999950
No.4:    8fd3_I  8fcuI  8fd3I  8fcuI Z=  53.2  tm1=  0.89821 tm2=  0.89821 best= 0.898210
No.5:    8fd3_I  8ff5I  8fd3I  8ff5I Z=  53.1  tm1=  0.89821 tm2=  0.89821 best= 0.898210
No.6:    8fd3_I  8ff4I  8fd3I  8ff4I Z=  53.1  tm1=  0.89826 tm2=  0.89826 best= 0.898260
No.7:    8fd3_I  8h67L  8fd3I  8h67L Z=  21.8  tm1=  0.71348 tm2=  0.71093 best= 0.713480
No.8:    8fd3_I  8ip0J  8fd3I  8ip0J Z=  20.0  tm1=  0.62587 tm2=  0.65756 best= 0.657560
No.9:    8fd3_I  8fd2L  8fd3I  8fd2L Z=  17.2  tm1=  0.20879 tm2=  0.90702 best= 0.907020
No.10:   8fd3_I  8fd3L  8fd3I  8fd3L Z=  17.2  tm1=  0.20879 tm2=  0.90702 best= 0.907020
No.11:   8fd3_I  8fcjL  8fd3I  8fcjL Z=  17.2  tm1=  0.20886 tm2=  0.90795 best= 0.907950
No.12:   8fd3_I  8ff5L  8fd3I  8ff5L Z=  16.5  tm1=  0.20763 tm2=  0.89174 best= 0.891740
No.13:   8fd3_I  8fcuL  8fd3I  8fcuL Z=  16.4  tm1=  0.20763 tm2=  0.89174 best= 0.891740
No.14:   8fd3_I  8ff4L  8fd3I  8ff4L Z=  16.4  tm1=  0.20763 tm2=  0.89174 best= 0.891740
No.15:   8fd3_I  8fcjK  8fd3I  8fcjK Z=  16.3  tm1=  0.20727 tm2=  0.89018 best= 0.890180
No.16:   8fd3_I  8fd2K  8fd3I  8fd2K Z=  16.2  tm1=  0.20728 tm2=  0.89016 best= 0.890160
No.17:   8fd3_I  8fd3K  8fd3I  8fd3K Z=  16.2  tm1=  0.20728 tm2=  0.89016 best= 0.890160
No.18:   8fd3_I  8fd3J  8fd3I  8fd3J Z=  15.9  tm1=  0.20662 tm2=  0.87868 best= 0.878680
No.19:   8fd3_I  8fd2J  8fd3I  8fd2J Z=  15.9  tm1=  0.20662 tm2=  0.87868 best= 0.878680
No.20:   8fd3_I  8fcjJ  8fd3I  8fcjJ Z=  15.8  tm1=  0.20651 tm2=  0.87761 best= 0.877610
No.21:   8fd3_I  8fcuJ  8fd3I  8fcuJ Z=  15.7  tm1=  0.20704 tm2=  0.88486 best= 0.884860
No.22:   8fd3_I  8ff4J  8fd3I  8ff4J Z=  15.6  tm1=  0.20703 tm2=  0.88474 best= 0.884740
No.23:   8fd3_I  8ff5J  8fd3I  8ff5J Z=  15.6  tm1=  0.20703 tm2=  0.88465 best= 0.884650
No.24:   8fd3_I  8ff5K  8fd3I  8ff5K Z=  15.4  tm1=  0.20591 tm2=  0.87357 best= 0.873570
No.25:   8fd3_I  8ff4K  8fd3I  8ff4K Z=  15.4  tm1=  0.20590 tm2=  0.87334 best= 0.873340
No.26:   8fd3_I  8fcuK  8fd3I  8fcuK Z=  15.4  tm1=  0.20590 tm2=  0.87334 best= 0.873340
No.27:   8fd3_I  8h7qJ  8fd3I  8h7qJ Z=   7.6  tm1=  0.17196 tm2=  0.62672 best= 0.626720
No.28:   8fd3_I  8ip0L  8fd3I  8ip0L Z=   7.0  tm1=  0.16545 tm2=  0.66748 best= 0.667480
No.29:   8fd3_I  8h7qN  8fd3I  8h7qN Z=   7.0  tm1=  0.16867 tm2=  0.63302 best= 0.633020
No.30:   8fd3_I  8h7qK  8fd3I  8h7qK Z=   6.9  tm1=  0.16680 tm2=  0.62773 best= 0.627730
No.31:   8fd3_I  8h67O  8fd3I  8h67O Z=   6.6  tm1=  0.16841 tm2=  0.61551 best= 0.615510
No.32:   8fd3_I  8h67N  8fd3I  8h67N Z=   6.6  tm1=  0.16636 tm2=  0.58744 best= 0.587440
No.33:   8fd3_I  8ip0K  8fd3I  8ip0K Z=   6.5  tm1=  0.16570 tm2=  0.58889 best= 0.588890
No.34:   8fd3_I  8ip0M  8fd3I  8ip0M Z=   6.3  tm1=  0.16652 tm2=  0.58246 best= 0.582460
No.35:   8fd3_I  8h67M  8fd3I  8h67M Z=   6.2  tm1=  0.16706 tm2=  0.60657 best= 0.606570
No.36:   8fd3_I  8h7qO  8fd3I  8h7qO Z=   4.4  tm1=  0.13746 tm2=  0.58239 best= 0.582390
