No.2:    8ff5_I  8fcuI  8ff5I  8fcuI Z=  64.3  tm1=  0.99993 tm2=  0.99993 best= 0.999930
No.3:    8ff5_I  8ff4I  8ff5I  8ff4I Z=  64.2  tm1=  0.99979 tm2=  0.99979 best= 0.999790
No.4:    8ff5_I  8fcjI  8ff5I  8fcjI Z=  53.2  tm1=  0.89835 tm2=  0.89835 best= 0.898350
No.5:    8ff5_I  8fd2I  8ff5I  8fd2I Z=  53.1  tm1=  0.89826 tm2=  0.89826 best= 0.898260
No.6:    8ff5_I  8fd3I  8ff5I  8fd3I Z=  53.1  tm1=  0.89838 tm2=  0.89838 best= 0.898380
No.7:    8ff5_I  8h67L  8ff5I  8h67L Z=  22.1  tm1=  0.69791 tm2=  0.69548 best= 0.697910
No.8:    8ff5_I  8ff5L  8ff5I  8ff5L Z=  20.4  tm1=  0.21245 tm2=  0.93044 best= 0.930440
No.9:    8ff5_I  8ff4L  8ff5I  8ff4L Z=  20.4  tm1=  0.21245 tm2=  0.93043 best= 0.930430
No.10:   8ff5_I  8fcuL  8ff5I  8fcuL Z=  20.4  tm1=  0.21245 tm2=  0.93043 best= 0.930430
No.11:   8ff5_I  8ip0J  8ff5I  8ip0J Z=  20.2  tm1=  0.67615 tm2=  0.71025 best= 0.710250
No.12:   8ff5_I  8fcuJ  8ff5I  8fcuJ Z=  19.9  tm1=  0.21256 tm2=  0.93139 best= 0.931390
No.13:   8ff5_I  8ff4J  8ff5I  8ff4J Z=  19.9  tm1=  0.21254 tm2=  0.93112 best= 0.931120
No.14:   8ff5_I  8ff5J  8ff5I  8ff5J Z=  19.9  tm1=  0.21254 tm2=  0.93111 best= 0.931110
No.15:   8ff5_I  8fcjL  8ff5I  8fcjL Z=  19.8  tm1=  0.21177 tm2=  0.91784 best= 0.917840
No.16:   8ff5_I  8fd2L  8ff5I  8fd2L Z=  19.8  tm1=  0.21175 tm2=  0.91793 best= 0.917930
No.17:   8ff5_I  8fd3L  8ff5I  8fd3L Z=  19.8  tm1=  0.21175 tm2=  0.91793 best= 0.917930
No.18:   8ff5_I  8ff4K  8ff5I  8ff4K Z=  19.6  tm1=  0.21195 tm2=  0.92625 best= 0.926250
No.19:   8ff5_I  8fcuK  8ff5I  8fcuK Z=  19.6  tm1=  0.21195 tm2=  0.92625 best= 0.926250
No.20:   8ff5_I  8ff5K  8ff5I  8ff5K Z=  19.6  tm1=  0.21198 tm2=  0.92679 best= 0.926790
No.21:   8ff5_I  8fcjK  8ff5I  8fcjK Z=  19.6  tm1=  0.21189 tm2=  0.92015 best= 0.920150
No.22:   8ff5_I  8fd3K  8ff5I  8fd3K Z=  19.6  tm1=  0.21196 tm2=  0.92109 best= 0.921090
No.23:   8ff5_I  8fd2K  8ff5I  8fd2K Z=  19.5  tm1=  0.21195 tm2=  0.92091 best= 0.920910
No.24:   8ff5_I  8fd2J  8ff5I  8fd2J Z=  19.2  tm1=  0.21117 tm2=  0.90757 best= 0.907570
No.25:   8ff5_I  8fcjJ  8ff5I  8fcjJ Z=  19.1  tm1=  0.21098 tm2=  0.90524 best= 0.905240
No.26:   8ff5_I  8fd3J  8ff5I  8fd3J Z=  19.1  tm1=  0.21117 tm2=  0.90757 best= 0.907570
No.27:   8ff5_I  8h7qJ  8ff5I  8h7qJ Z=   9.1  tm1=  0.17239 tm2=  0.63948 best= 0.639480
No.28:   8ff5_I  8h7qN  8ff5I  8h7qN Z=   8.7  tm1=  0.16906 tm2=  0.64796 best= 0.647960
No.29:   8ff5_I  8h7qK  8ff5I  8h7qK Z=   8.7  tm1=  0.16734 tm2=  0.63896 best= 0.638960
No.30:   8ff5_I  8ip0K  8ff5I  8ip0K Z=   8.3  tm1=  0.16815 tm2=  0.62132 best= 0.621320
No.31:   8ff5_I  8ip0L  8ff5I  8ip0L Z=   8.1  tm1=  0.16502 tm2=  0.67338 best= 0.673380
No.32:   8ff5_I  8h67O  8ff5I  8h67O Z=   8.0  tm1=  0.16849 tm2=  0.62489 best= 0.624890
No.33:   8ff5_I  8ip0M  8ff5I  8ip0M Z=   7.9  tm1=  0.16608 tm2=  0.59780 best= 0.597800
No.34:   8ff5_I  8h67N  8ff5I  8h67N Z=   7.7  tm1=  0.16454 tm2=  0.58831 best= 0.588310
No.35:   8ff5_I  8h67M  8ff5I  8h67M Z=   7.4  tm1=  0.16666 tm2=  0.61425 best= 0.614250
No.36:   8ff5_I  8h7qO  8ff5I  8h7qO Z=   5.5  tm1=  0.13709 tm2=  0.60491 best= 0.604910
